1.205 -1.53489724e+06
1.210 -2.29335307e+06
1.215 -3.00728994e+06
1.220 -2.91753354e+06
1.225 -2.82744505e+06
1.230 -2.73702327e+06
1.235 -2.64626693e+06
1.240 -2.55517473e+06
1.245 -2.46374533e+06
1.250 -2.37197733e+06
1.255 -2.27986930e+06
1.260 -2.18741977e+06
1.265 -2.09462723e+06
1.270 -2.00149014e+06
1.275 -1.90800693e+06
1.280 -1.81417597e+06
1.285 -1.71999565e+06
1.290 -1.62546429e+06
1.295 -1.53058020e+06
1.300 -1.43534167e+06
1.305 -1.33974696e+06
1.310 -1.24379431e+06
1.315 -1.14748194e+06
1.320 -1.05080806e+06
1.325 -9.53770846e+05
1.330 -8.56368483e+05
1.335 -7.58599126e+05
1.340 -6.60460930e+05
1.345 -5.61952034e+05
1.350 -4.63070561e+05
1.355 -3.63814643e+05
1.360 -2.64182404e+05
1.365 -1.64171956e+05
1.370 -6.37814105e+04
1.375 3.69911258e+04
1.380 1.38147521e+05
1.385 2.39689659e+05
1.390 3.41619429e+05
1.395 4.43938710e+05
1.400 5.46649356e+05
1.405 6.49753221e+05
1.410 7.53252167e+05
1.415 8.57148022e+05
1.420 9.61442612e+05
1.425 1.06613775e+06
1.430 1.17123522e+06
1.435 1.27673681e+06
1.440 1.38264427e+06
1.445 1.48895934e+06
1.450 1.59568374e+06
1.455 1.70281914e+06
1.460 1.81036723e+06
1.465 1.91832964e+06
1.470 2.02670797e+06
1.475 2.13550383e+06
1.480 2.24471875e+06
1.485 2.35435425e+06
1.490 2.46441182e+06
1.495 2.57489288e+06
1.500 2.68579888e+06
1.505 2.79713117e+06
1.510 2.90889107e+06
1.515 3.02107987e+06
1.520 3.13369882e+06
1.525 3.24674911e+06
1.530 3.36023188e+06
1.535 3.47414822e+06
1.540 3.58849919e+06
1.545 3.70328578e+06
1.550 3.81850892e+06
1.555 3.93416949e+06
1.560 4.05026830e+06
1.565 4.16680611e+06
1.570 4.28378363e+06
1.575 4.40120147e+06
1.580 4.51906020e+06
1.585 4.63736031e+06
1.590 4.75610223e+06
1.595 4.87528631e+06
1.600 4.99491280e+06
1.605 5.11498190e+06
1.610 5.23549374e+06
1.615 5.35644835e+06
1.620 5.47784565e+06
1.625 5.59968552e+06
1.630 5.72196774e+06
1.635 5.84469196e+06
1.640 5.96785779e+06
1.645 6.09146471e+06
1.650 6.21551209e+06
1.655 6.33999922e+06
1.660 6.46492530e+06
1.665 6.59028937e+06
1.670 6.71609041e+06
1.675 6.84232727e+06
1.680 6.96899867e+06
1.685 7.09610323e+06
1.690 7.22363942e+06
1.695 7.35160564e+06
1.700 7.48000009e+06
1.705 7.60882088e+06
1.710 7.73806601e+06
1.715 7.86773327e+06
1.720 7.99782036e+06
1.725 8.12832482e+06
1.730 8.25924407e+06
1.735 8.39057532e+06
1.740 8.52231565e+06
1.745 8.65446203e+06
1.750 8.78701119e+06
1.755 8.91995969e+06
1.760 9.05330397e+06
1.765 9.18704033e+06
1.770 9.32116480e+06
1.775 9.45567321e+06
1.780 9.59056131e+06
1.785 9.72582458e+06
1.790 9.86145829e+06
1.795 7.47619725e+06
1.800 5.02425671e+06
